8 10 11 12 17 21 28 Nov
5 10 13 14 17 21 28 Nov
8 10 11 13 16 21 28 Nov
6 10 11 13 18 21 28 Nov
8 10 11 17 21 28 30 Nov
6 10 11 17 21 28 31 Nov
8 11 12 13 14 21 28 Nov
5 11 12 16 17 21 28 Nov
8 12 13 17 18 21 28 Nov
6 11 12 17 21 28 30 Nov
6 12 13 17 21 28 31 Nov
8 11 13 14 16 21 28 Nov
5 11 13 14 18 21 28 Nov
6 11 14 17 21 28 30 Nov
8 13 14 17 21 28 31 Nov
8 13 16 17 18 21 28 Nov
5 11 13 16 21 28 30 Nov
4 11 16 17 21 28 31 Nov
4 11 13 18 21 28 30 Nov
5 13 17 18 21 28 31 Nov
6 13 17 21 28 30 31 Nov