2 4 13 19 21 24 28 Jan
2 4 13 15 20 24 28 Fev
2 4 11 13 15 24 28 Mar
2 4 7 11 13 21 24 Abr
2 4 13 19 24 27 28 Mai
2 4 7 13 19 24 27 Jun
2 4 7 13 19 24 28 Jul
2 4 7 13 15 20 24 Ago
2 4 7 13 15 24 27 Set
2 4 11 13 21 24 27 Out
7 11 21 4 17 24 18 Nov
6 11 7 4 27 24 18 Dez
7 11 10 27 17 24 20 Jan
19 6 13 26 17 24 20 Fev
19 7 13 26 17 24 28 Mar
4 6 22 24 26 27 30 Jan
4 6 22 24 26 27 29 Fev
4 7 18 19 26 27 29 Mar
11 16 18 19 27 29 30 Abr
11 20 21 22 24 26 29 Mai
16 18 20 21 25 26 30 Jun
11 21 22 28 29 30 31 Jul
18 19 20 21 22 26 30 Ago
4 6 18 21 22 24 29 Set
12 13 18 21 22 29 30 Out