2 4 11 14 15 25 26 Jan
2 5 11 14 15 25 26 Fev
2 11 12 14 15 25 26 Mar
2 11 14 15 16 25 26 Abr
2 11 14 15 18 25 26 Mai
2 11 14 15 21 25 26 Jun
4 5 11 14 15 25 26 Jul
4 11 12 14 15 25 26 Ago
4 11 14 15 16 25 26 Set
4 11 14 15 18 25 26 Out
4 11 14 15 21 25 26 Nov
5 11 12 14 15 25 26 Jan
5 11 14 15 16 25 26 Fev
5 11 14 15 18 25 26 Mar
5 11 14 15 21 25 26 Abr
11 12 14 15 16 25 26 Mai
11 12 14 15 18 25 26 Jun
11 12 14 15 21 25 26 Jul
11 14 15 16 18 25 26 Ago
11 14 15 16 21 25 26 Set
11 14 15 18 21 25 26 Out
2 3 15 19 20 27 29 Nov
1 5 10 15 24 26 31 Jan