01 04 07 09 14 18 27 Jan
09 20 25 27 29 30 31 Fev
04 09 16 18 20 25 26 Mar
01 02 20 21 26 27 28 Abr
01 02 04 07 09 14 25 Mai
03 07 14 15 23 25 31 Jun
02 07 09 14 18 21 31 Jul
01 10 18 20 21 25 29 Ago
02 07 09 25 27 29 31 Set
07 21 25 27 28 30 31 Out
02 07 18 27 28 29 31 Nov
01 14 18 20 21 23 27 Dez
07 16 23 25 26 29 30 Jan
02 04 07 09 14 16 27 Fev
04 07 16 18 23 25 26 Mar
07 14 16 21 25 28 30 Abr
07 09 18 21 25 27 31 Mai
07 09 16 18 26 27 29 Jun
01 02 03 26 28 29 30 Jul
07 16 21 23 25 26 30 Ago
02 03 16 21 25 27 28 Set
01 02 04 07 14 25 28 Out
02 04 14 16 18 20 28 Nov
01 07 09 14 27 29 30 Dez
03 16 21 25 27 28 30 Ago
02 20 23 25 29 30 31 Set
02 03 04 25 26 28 31 Out
02 07 21 23 26 30 31 Ago
01 02 14 20 28 29 30 Set
02 18 20 21 23 25 31 Out
