1	10	11	17	22	27	28	Jan
2	11	12	18	23	28	29	Fev
3	12	13	19	24	29	30	Mar
4	13	14	20	25	30	31	Abr
1	5	14	15	21	26	31	Mai
1	2	14	15	16	22	27	Jun
2	3	15	16	17	23	28	Jul
3	4	16	17	18	24	29	Ago
4	5	17	18	19	25	30	Set
5	6	10	19	20	26	31	Out
1	6	10	11	20	21	27	Nov
2	7	11	12	21	22	28	Dez
3	8	12	13	22	23	29	Jan
4	9	10	14	23	24	30	Fev
5	10	11	15	24	25	31	Mar
1	6	11	12	16	25	26	Abr
2	7	12	13	17	26	27	Mai
3	8	13	14	18	27	28	Jun
4	9	14	15	19	28	29	Jul
5	10	15	16	20	29	30	Ago
6	11	16	17	21	30	31	Set
1	7	12	17	18	22	31	Out
1	2	12	13	18	19	23	Nov
2	3	13	14	19	20	24	Dez
3	4	10	15	20	21	25	Jan
4	5	11	16	21	22	26	Fev
5	6	12	17	22	23	27	Mar
6	7	13	18	23	24	28	Abr
7	8	14	19	24	25	29	Mai
8	9	15	20	25	26	30	Jun
9	10	16	21	26	27	31	Jul
