01 04 09 13 19 24 30 Outubro
01 04 09 13 19 26 28 Outubro
01 04 09 13 19 26 30 Outubro
01 04 09 13 19 28 30 Outubro
01 04 09 13 23 24 26 Outubro
01 04 09 13 23 24 28 Outubro
01 04 09 13 23 24 30 Outubro
01 04 09 13 23 26 28 Outubro
01 04 09 13 23 26 30 Outubro
01 04 09 13 23 28 30 Outubro
01 04 09 19 23 24 26 Outubro
01 04 09 19 23 24 28 Outubro
01 04 09 19 23 24 30 Outubro
01 04 09 19 23 26 28 Outubro
01 04 09 19 23 26 30 Outubro
01 04 09 19 23 28 30 Outubro
01 04 12 13 19 21 30 Outubro
01 04 12 13 19 23 28 Outubro
01 04 12 13 19 23 30 Outubro
01 04 12 13 19 24 28 Outubro
01 04 12 13 19 24 30 Outubro
01 04 12 13 19 26 28 Outubro
01 04 12 13 19 26 30 Outubro
01 04 12 13 19 28 30 Outubro
01 04 12 13 21 23 26 Outubro
01 04 12 13 21 23 28 Outubro
01 04 12 13 21 23 30 Outubro
01 04 12 13 23 24 26 Outubro
01 04 12 13 23 24 28 Outubro
01 04 12 13 23 24 30 Outubro
01 04 12 13 23 26 28 Outubro
01 04 12 13 23 26 30 Outubro
01 04 12 13 23 28 30 Outubro
01 04 12 19 21 23 24 Outubro
01 04 12 19 21 23 26 Outubro
01 04 12 19 21 23 28 Outubro
01 04 12 19 21 23 30 Outubro
01 04 12 19 23 24 26 Outubro
01 04 12 19 23 24 28 Outubro
01 04 12 19 23 24 30 Outubro
01 04 12 19 23 26 28 Outubro
01 04 12 19 23 26 30 Outubro
01 04 12 19 23 28 30 Outubro
01 04 13 19 21 24 26 Outubro
01 04 13 19 21 24 28 Outubro
01 04 13 19 21 24 30 Outubro
01 04 13 19 21 26 28 Outubro
01 04 13 19 21 26 30 Outubro
01 04 13 19 21 28 30 Outubro
01 04 13 19 23 24 26 Outubro
01 04 13 19 23 24 28 Outubro
01 04 13 19 23 24 30 Outubro
01 04 13 19 23 26 28 Outubro
01 04 13 19 23 26 30 Outubro
01 04 13 19 23 28 30 Outubro
01 04 13 19 24 26 28 Outubro
01 04 13 19 24 26 30 Outubro
01 04 13 19 24 28 30 Outubro
01 04 13 19 26 28 30 Outubro
01 04 13 21 23 24 26 Outubro
01 04 13 21 23 24 28 Outubro
01 04 13 21 23 24 30 Outubro
01 04 13 21 23 26 28 Outubro
01 04 13 21 23 26 30 Outubro
01 04 13 21 23 28 30 Outubro
01 04 13 23 24 26 28 Outubro
01 04 13 23 24 26 30 Outubro
01 04 13 23 24 28 30 Outubro
01 04 13 23 26 28 30 Outubro
01 04 19 21 23 24 26 Outubro
01 04 19 21 23 24 28 Outubro
01 04 19 21 23 24 30 Outubro
01 04 19 21 23 26 28 Outubro
01 04 19 21 23 26 30 Outubro
01 04 19 21 23 28 30 Outubro
01 04 19 23 24 26 28 Outubro
01 04 19 23 24 26 30 Outubro
01 04 19 23 24 28 30 Outubro
01 04 19 23 26 28 30 Outubro
01 09 12 13 19 24 26 Outubro
01 09 12 13 19 24 28 Outubro
01 09 12 13 19 24 30 Outubro
01 09 12 13 19 26 28 Outubro
01 09 12 13 19 26 30 Outubro
01 09 12 13 19 28 30 Outubro
01 09 12 13 23 24 26 Outubro
01 09 12 13 23 24 28 Outubro
01 09 12 13 23 24 30 Outubro
01 09 12 13 23 26 28 Outubro
01 09 12 13 23 26 30 Outubro
01 09 12 13 23 28 30 Outubro
01 09 12 19 23 24 26 Outubro
01 09 12 19 23 24 28 Outubro
01 09 12 19 23 24 30 Outubro
01 09 12 19 23 26 28 Outubro
01 09 12 19 23 26 30 Outubro
01 09 12 19 23 28 30 Outubro
01 09 13 19 24 26 28 Outubro
01 09 13 19 24 26 30 Outubro
01 09 13 19 24 28 30 Outubro
01 09 13 19 26 28 30 Outubro
01 09 13 23 24 26 28 Outubro
01 09 13 23 24 26 30 Outubro
01 09 13 23 24 28 30 Outubro
01 09 13 23 26 28 30 Outubro
01 09 19 23 24 26 28 Outubro
01 09 19 23 24 26 30 Outubro
01 09 19 23 24 28 30 Outubro
01 09 19 23 26 28 30 Outubro
01 12 13 19 21 24 26 Outubro
01 12 13 19 21 24 28 Outubro
01 12 13 19 21 24 30 Outubro
01 12 13 19 21 26 28 Outubro
01 12 13 19 21 26 30 Outubro
01 12 13 19 21 28 30 Outubro
01 12 13 19 23 24 26 Outubro
01 12 13 19 23 24 28 Outubro
01 12 13 19 23 24 30 Outubro
01 12 13 19 23 26 28 Outubro
01 12 13 19 23 26 30 Outubro
01 12 13 19 23 28 30 Outubro
01 12 13 19 24 26 28 Outubro
01 12 13 19 24 26 30 Outubro
01 12 13 19 24 28 30 Outubro
01 12 13 19 26 28 30 Outubro
01 12 13 21 23 24 26 Outubro
01 12 13 21 23 24 28 Outubro
01 12 13 21 23 24 30 Outubro
01 12 13 21 23 26 28 Outubro
01 12 13 21 23 26 30 Outubro
01 12 13 21 23 28 30 Outubro
01 12 13 23 24 26 28 Outubro
01 12 13 23 24 26 30 Outubro
01 12 13 23 24 28 30 Outubro
01 12 13 23 26 28 30 Outubro
01 12 19 21 23 24 26 Outubro
01 12 19 21 23 24 28 Outubro
01 12 19 21 23 24 30 Outubro
01 12 19 21 23 26 28 Outubro
01 12 19 21 23 26 30 Outubro
01 12 19 21 23 28 30 Outubro
01 12 19 23 24 26 28 Outubro
01 12 19 23 24 26 30 Outubro
01 12 19 23 24 28 30 Outubro
01 12 19 23 26 28 30 Outubro
01 13 19 21 24 26 28 Outubro
01 13 19 21 24 26 30 Outubro
01 13 19 21 24 28 30 Outubro
01 13 19 21 26 28 30 Outubro
01 13 19 23 24 26 28 Outubro
01 13 19 23 24 26 30 Outubro
01 13 19 23 24 28 30 Outubro
01 13 19 23 26 28 30 Outubro
01 13 19 24 26 28 30 Outubro
01 13 21 23 24 26 28 Outubro
01 13 21 23 24 26 30 Outubro
01 13 21 23 24 28 30 Outubro
01 13 21 23 26 28 30 Outubro
01 13 23 24 26 28 30 Outubro
01 19 21 23 24 26 28 Outubro
01 19 21 23 24 26 30 Outubro
01 19 21 23 24 28 30 Outubro
01 19 21 23 26 28 30 Outubro
04 09 12 13 19 21 24 Outubro
04 09 12 13 19 21 26 Outubro
04 09 12 13 19 21 28 Outubro
04 09 12 13 19 21 30 Outubro
04 09 12 13 19 23 24 Outubro
04 09 12 13 19 23 26 Outubro
04 09 12 13 19 23 28 Outubro
04 09 12 13 19 23 30 Outubro
04 09 12 13 19 24 26 Outubro
04 09 12 13 19 24 28 Outubro
04 09 12 13 19 24 30 Outubro
04 09 12 13 19 26 28 Outubro
04 09 12 13 19 26 30 Outubro
04 09 12 13 19 28 30 Outubro
04 09 12 13 21 23 24 Outubro
04 09 12 13 21 23 26 Outubro
04 09 12 13 21 23 28 Outubro
04 09 12 13 21 23 30 Outubro
04 09 12 13 23 24 26 Outubro
04 09 12 13 23 24 28 Outubro
04 09 12 13 23 24 30 Outubro
04 09 12 13 23 26 28 Outubro
04 09 12 13 23 26 30 Outubro
04 09 12 13 23 28 30 Outubro
04 09 12 19 21 23 24 Outubro
04 09 12 19 21 23 26 Outubro
04 09 12 19 21 23 28 Outubro
04 09 12 19 21 23 30 Outubro
04 09 12 19 23 24 26 Outubro
04 09 12 19 23 24 28 Outubro
04 09 12 19 23 24 30 Outubro
04 09 12 19 23 26 28 Outubro
04 09 12 19 23 26 30 Outubro
04 09 12 19 23 28 30 Outubro
04 09 13 19 21 24 26 Outubro
04 09 13 19 21 24 28 Outubro
04 09 13 19 21 24 30 Outubro
04 09 13 19 21 26 28 Outubro
04 09 13 19 21 26 30 Outubro
04 09 13 19 21 28 30 Outubro
04 09 13 19 23 24 26 Outubro
04 09 13 19 23 24 28 Outubro
04 09 13 19 23 24 30 Outubro
04 09 13 19 23 26 28 Outubro
04 09 13 19 23 26 30 Outubro
04 09 13 19 23 28 30 Outubro
04 09 13 19 24 26 28 Outubro
04 09 13 19 24 26 30 Outubro
04 09 13 19 24 28 30 Outubro
04 09 13 19 26 28 30 Outubro
04 09 13 21 23 24 26 Outubro
04 09 13 21 23 24 28 Outubro
04 09 13 21 23 24 30 Outubro
04 09 13 21 23 26 28 Outubro
04 09 13 21 23 26 30 Outubro
04 09 13 21 23 28 30 Outubro
04 09 13 23 24 26 28 Outubro
04 09 13 23 24 26 30 Outubro
04 09 13 23 24 28 30 Outubro
04 09 13 23 26 28 30 Outubro
04 09 19 21 23 24 26 Outubro
04 09 19 21 23 24 28 Outubro
04 09 19 21 23 24 30 Outubro
04 09 19 21 23 26 28 Outubro
04 09 19 21 23 26 30 Outubro
04 09 19 21 23 28 30 Outubro
04 09 19 23 24 26 28 Outubro
04 09 19 23 24 26 30 Outubro
04 09 19 23 24 28 30 Outubro
04 09 19 23 26 28 30 Outubro
04 12 13 19 21 23 24 Outubro
04 12 13 19 21 23 26 Outubro
04 12 13 19 21 23 28 Outubro
04 12 13 19 21 23 30 Outubro
04 12 13 19 21 24 26 Outubro
04 12 13 19 21 24 28 Outubro
04 12 13 19 21 24 30 Outubro
04 12 13 19 21 26 28 Outubro
04 12 13 19 21 26 30 Outubro
04 12 13 19 21 28 30 Outubro
04 12 13 19 23 24 26 Outubro
04 12 13 19 23 24 28 Outubro
04 12 13 19 23 24 30 Outubro
04 12 13 19 23 26 28 Outubro
04 12 13 19 23 26 30 Outubro
04 12 13 19 23 28 30 Outubro
04 12 13 21 23 24 26 Outubro
04 12 13 21 23 24 28 Outubro
04 12 13 21 23 24 30 Outubro
04 12 13 21 23 26 28 Outubro
04 12 13 21 23 26 30 Outubro
04 12 13 21 23 28 30 Outubro
04 12 19 21 23 24 26 Outubro
04 12 19 21 23 24 28 Outubro
04 12 19 21 23 24 30 Outubro
04 12 19 21 23 26 28 Outubro
04 12 19 21 23 26 30 Outubro
04 12 19 21 23 28 30 Outubro
04 13 19 21 23 24 26 Outubro
04 13 19 21 23 24 28 Outubro
04 13 19 21 23 24 30 Outubro
04 13 19 21 23 26 28 Outubro
04 13 19 21 23 26 30 Outubro
04 13 19 21 23 28 30 Outubro
04 13 19 21 24 26 28 Outubro
04 13 19 21 24 26 30 Outubro
04 13 19 21 24 28 30 Outubro
04 13 19 21 26 28 30 Outubro
04 13 19 23 24 26 28 Outubro
04 13 19 23 24 26 30 Outubro
04 13 19 23 24 28 30 Outubro
04 13 19 23 26 28 30 Outubro
04 13 21 23 24 26 28 Outubro
04 13 21 23 24 26 30 Outubro
04 13 21 23 24 28 30 Outubro
04 13 21 23 26 28 30 Outubro
04 19 21 23 24 26 28 Outubro
04 19 21 23 24 26 30 Outubro
04 19 21 23 24 28 30 Outubro
09 12 13 19 21 24 26 Outubro
09 12 13 19 21 24 28 Outubro
09 12 13 19 21 24 30 Outubro
09 12 13 19 21 26 28 Outubro
09 12 13 19 21 26 30 Outubro
09 12 13 19 21 28 30 Outubro
09 12 13 19 23 24 26 Outubro
09 12 13 19 23 24 28 Outubro
09 12 13 19 23 24 30 Outubro
09 12 13 19 23 26 28 Outubro
09 12 13 19 23 26 30 Outubro
09 12 13 19 23 28 30 Outubro
09 12 13 19 24 26 28 Outubro
09 12 13 19 24 26 30 Outubro
09 12 13 19 24 28 30 Outubro
09 12 13 19 26 28 30 Outubro
09 12 13 21 23 24 26 Outubro
09 12 13 21 23 24 28 Outubro
09 12 13 21 23 24 30 Outubro
09 12 13 21 23 26 28 Outubro
09 12 13 21 23 26 30 Outubro
09 12 13 21 23 28 30 Outubro
09 12 13 23 24 26 28 Outubro
09 12 13 23 24 26 30 Outubro
09 12 13 23 24 28 30 Outubro
09 12 13 23 26 28 30 Outubro
09 12 19 21 23 24 26 Outubro
09 12 19 21 23 24 28 Outubro
09 12 19 21 23 24 30 Outubro
09 12 19 21 23 26 28 Outubro
09 12 19 21 23 26 30 Outubro
09 12 19 21 23 28 30 Outubro
09 12 19 23 24 26 28 Outubro
09 12 19 23 24 26 30 Outubro
09 12 19 23 24 28 30 Outubro
09 12 19 23 26 28 30 Outubro
09 13 19 21 24 26 28 Outubro
09 13 19 21 24 26 30 Outubro
09 13 19 21 24 28 30 Outubro
09 13 19 21 26 28 30 Outubro
09 13 19 23 24 26 28 Outubro
09 13 19 23 24 26 30 Outubro
09 13 19 23 24 28 30 Outubro
09 13 19 23 26 28 30 Outubro
09 13 19 24 26 28 30 Outubro
09 13 21 23 24 26 28 Outubro
09 13 21 23 24 26 30 Outubro
09 13 21 23 24 28 30 Outubro
09 13 21 23 26 28 30 Outubro
09 19 21 23 24 26 28 Outubro
12 13 19 21 23 24 26 Outubro
12 13 19 21 23 24 28 Outubro
12 13 19 21 23 24 30 Outubro
12 13 19 21 23 26 28 Outubro
12 13 19 21 23 26 30 Outubro
12 13 19 21 23 28 30 Outubro
12 13 19 21 24 26 28 Outubro
12 13 19 21 24 26 30 Outubro
12 13 19 21 24 28 30 Outubro
12 13 19 21 26 28 30 Outubro
12 13 19 23 24 26 28 Outubro
12 13 19 23 24 26 30 Outubro
12 13 19 23 24 28 30 Outubro
12 13 21 23 24 26 28 Outubro
12 13 21 23 24 26 30 Outubro
