04 05 07 08 11 18 24 Fev
03 07 11 12 14 29 30 Mai
01 07 17 18 22 25 26 Out
04 09 11 25 26 28 30 Nov
03 04 06 11 22 26 29 Dez
08 14 17 18 21 22 26 Fev
04 17 18 21 23 25 26 Mai
04 05 11 15 19 22 31 Out
07 13 16 17 20 27 30 Nov

01 02 07 08 09 11 14 16 19 21 26 30


01 02 03 09 18 19 24 Fev
01 03 05 07 18 24 25 Mai
01 02 04 16 18 19 31 Out
06 11 12 13 15 17 28 Nov
01 02 05 09 23 24 28 Dez
01 02 07 08 09 13 18 Fev
01 10 11 13 17 19 31 Mai
06 08 09 24 25 30 31 Out
06 21 23 24 25 29 30 Nov
01 02 03 09 17 19 31 Dez


