05 06 07 15 22 23 26 Out
06 07 11 19 22 25 27 Out
04 07 08 14 27 30 31 Out
02 07 10 16 24 25 27 Out
06 07 10 12 14 27 30 Out
01 09 11 14 22 25 28 Out
07 11 12 13 20 25 26 Out
06 09 10 13 21 22 29 Out
04 05 17 18 24 27 31 Out
03 07 08 12 18 29 30 Out





----------------------
06 08 10 13 14 20 26 
06 08 10 13 20 26 27
01 02 03 06 08 10 26 
02 03 13 14 20 21 26 
01 03 05 06 13 14 20 
10 17 20 24 26 27 29 
03 05 08 09 11 14 26 
02 03 19 20 23 24 30 
01 03 10 24 25 27 29 
06 08 09 13 21 22 26 
05 06 07 15 22 23 26
06 07 11 19 22 25 27
04 07 08 14 27 30 31
02 07 10 16 24 25 27
06 07 10 12 14 27 30
01 09 11 14 22 25 28
07 11 12 13 20 25 26
06 09 10 13 21 22 29
04 05 17 18 24 27 31
03 07 08 12 18 29 30
08 10 13 14 20 26 27
08 10 13 14 20 24 26
06 08 10 13 14 20 26
08 13 14 20 24 26 27
06 08 13 14 20 26 27
06 08 13 14 20 24 26
06 08 10 13 14 20 26
06 08 13 14 20 26 27
06 08 13 14 20 24 26
08 13 14 20 24 26 27