Crie uma analise onde aponta qual é o final igual que mais se repetiu ate hoje
aponte os top 3 ok...


23 02 31 11 08 24 13 → 3, 3
16 10 29 25 31 23 13 → 1, 1, 3, 3
24 02 30 11 07 26 23 → 2, 2
08 29 02 22 25 23 12 → 2, 2, 2
24 31 10 13 28 11 23 → 1, 1, 3, 3
23 11 02 30 14 25 08 → 3, 3
22 10 29 12 25 05 23 → 2, 2 / 5, 5
31 13 02 24 08 23 17 → 1, 1 / 3, 3
25 02 29 18 11 12 23 → 2, 2
23 17 25 31 06 12 07 → 7, 7


02 10 11 17 25 27 31


02 08 11 13 23 24 31 Out
10 13 16 23 25 29 31 Out
02 07 11 23 24 26 30 Out
02 08 12 22 23 25 29 Out
10 11 13 23 24 28 31 Out
02 08 11 14 23 25 30 Out
05 10 12 22 23 25 29 Out
02 08 13 17 23 24 31 Out
02 11 12 18 23 25 29 Out
06 07 12 17 23 25 31 Out