06 12 24 25 26 29 31
02 06 07 16 22 26 29
----------------------------------------
02 06 08 12 16 19 23 Nov
02 06 08 16 19 23 24 Nov
02 06 08 16 19 23 25 Nov
02 06 08 16 19 23 26 Nov
02 06 08 16 19 23 29 Nov
02 06 08 16 19 23 31 Nov
02 08 12 16 19 23 24 Nov
02 08 12 16 19 23 25 Nov
02 08 12 16 19 23 26 Nov
02 08 12 16 19 23 29 Nov
02 08 12 16 19 23 31 Nov
02 08 16 19 23 24 25 Nov
02 08 16 19 23 24 26 Nov
02 08 16 19 23 24 29 Nov
02 08 16 19 23 24 31 Nov
02 08 16 19 23 25 26 Nov
02 08 16 19 23 25 29 Nov
02 08 16 19 23 25 31 Nov
02 08 16 19 23 26 29 Nov
02 08 16 19 23 26 31 Nov
02 08 16 19 23 29 31 Nov
--------------------------------------
07 08 11 13 21 23 30 Nov
03 05 08 12 13 23 30 Nov
06 09 13 15 21 23 24 Nov


02 06 08 12 16 19 23 Nov	
02 08 12 16 19 23 24 Nov	
02 08 12 16 19 23 31 Nov	
02 08 16 19 23 24 31 Nov	
02 08 16 19 23 25 31 Nov	
06 09 13 15 21 23 24 Nov	 

--------------------------------------------
06 12 24 25 26 29 31

06 12 15 17 18 20 23 Mar
05 07 12 14 19 23 24 Abr
04 06 12 16 17 21 23 Jun
06 09 12 18 21 23 27 Jul
06 10 13 19 23 24 27 Out
02 04 05 12 18 23 27 Dez
03 09 10 18 20 29 31 Mar
03 08 12 19 23 27 30 Mar
03 06 12 16 23 27 30 Mar
02 06 12 13 18 23 24 Mai