04 07 10 15 22 28 26 Jul
01 04 10 15 16 24 27 Mai
04 07 09 10 15 23 27 Fev
04 10 12 15 20 22 27 Set
01 07 09 16 24 28 26 Ago
01 12 15 16 22 24 27 Nov
01 07 09 10 15 16 26 Jun
07 10 12 15 16 24 26 Dez
07 12 16 20 23 26 27 Out
04 09 10 12 16 22 27 Mar

04 07 08 15 22 26 28 Jul
01 04 13 15 16 23 27 Jul
04 07 09 10 16 23 27 Fev
02 10 12 15 21 22 27 Set
01 07 08 16 24 26 28 Ago
01 12 15 16 22 24 27 Nov
01 07 09 10 15 16 26 Jul
07 10 12 15 16 24 26 Dez
07 12 16 20 23 26 27 Out
04 09 10 12 16 22 27 Mar
