02 04 08 12 16 21 27 Jan
01 02 10 12 15 24 26 Fev
02 05 06 13 20 22 26 Mar
02 04 05 12 18 23 27 Abr
02 06 07 11 17 25 31 Mai
02 03 05 11 16 21 30 Jun
03 07 08 15 18 21 29 Jul
04 05 08 13 18 22 24 Ago
06 08 10 16 17 23 24 Set
01 05 08 11 19 24 25 Out
08 09 10 19 20 27 30 Nov
04 07 10 15 20 22 29 Dez
04 06 07 13 15 23 29 Jan
03 06 07 15 20 24 25 Fev
01 05 06 11 15 24 30 Mar
05 07 09 16 18 22 23 Abr
04 09 10 16 17 22 25 Mai
01 04 07 17 19 22 30 Jun
01 06 09 12 14 23 25 Jul
04 07 10 12 17 23 30 Ago
04 05 07 16 18 25 30 Set