02 04 11 12 16 22 27 Jan
01 06 10 15 19 23 25 Fev
03 08 13 17 18 21 29 Mar
02 04 08 12 16 21 27 Abr
01 05 06 11 15 24 25 Mai
03 07 09 13 18 22 29 Jun
02 04 12 16 21 27 30 Jul
01 05 11 15 24 25 31 Ago
03 07 13 18 22 29 30 Set
04 11 12 16 21 24 27 Nov
05 10 15 18 22 25 29 Dez
07 13 17 19 20 23 26 Jan
02 04 08 12 21 24 27 Fev
01 05 06 15 22 25 29 Mar
03 07 09 18 20 23 26 Abr
02 04 08 11 12 16 21 Mai
01 05 06 10 15 18 25 Jun
03 07 09 13 17 19 29 Jul
04 12 16 21 24 27 30 Ago
05 11 15 22 25 29 31 Set
07 13 18 20 23 26 30 Nov
04 11 12 16 21 27 30 Dez
05 10 15 18 22 25 31 Out
07 13 17 19 23 29 30 Out