12 15 22 51 52 55
12 15 21 22 25 51
12 15 19 21 52 58
15 22 51 52 55 58
11 21 22 25 52 55
11 25 51 52 55 58
15 25 29 52 55 58
12 21 22 25 51 52
11 12 25 51 52 59
15 19 21 22 25 52

10 23 38 41 47 53
12 15 39 44 49 51
11 17 40 43 45 50
19 23 29 33 38 52
11 17 22 28 35 47
18 23 35 51 55 58
10 13 23 32 35 41
17 22 38 41 45 47
19 27 34 39 51 58
12 21 23 33 41 46

06 11 27 39 41 52
05 15 29 38 40 51
07 15 21 38 47 54
03 16 25 31 46 59
08 11 28 35 47 55
03 11 26 38 43 53
02 17 28 39 41 51
06 19 29 39 47 58
01 13 20 33 46 55
07 12 27 37 46 57

02 11 26 30 51 54
05 10 21 24 33 43
05 07 40 47 51 59
08 10 29 39 48 60
13 20 27 30 43 55
08 24 27 37 42 43
14 20 32 35 40 54
18 31 35 40 45 60
01 11 33 35 43 54
05 11 28 51 52 56

02 11 14 30 51 54
05 12 21 33 43 58
05 07 20 43 51 59
13 28 30 46 51 60
01 18 23 30 43 55
08 18 27 29 42 43
16 20 28 32 40 51
06 11 25 45 48 50
01 11 24 33 35 41
10 11 21 43 50 58


12 29 34 51 54 58
10 23 26 34 43 58
11 18 22 26 31 58
13 18 22 37 42 54
19 21 26 28 36 60
10 13 26 29 36 54
10 19 42 45 47 57
11 23 32 34 37 43
11 13 20 26 41 45
11 15 21 34 37 41
11 21 34 36 42 49
12 28 33 39 42 52
10 13 17 28 40 59
11 19 22 28 32 45
29 32 34 42 45 57
13 21 26 30 32 60
21 23 27 37 51 56
10 14 33 51 55 60
25 30 32 40 44 47
10 23 37 48 53 57
21 25 43 47 57 60
22 27 29 41 51 58
22 24 30 35 39 60
11 20 26 44 47 58
18 37 43 46 56 60
11 16 52 54 56 60
23 38 42 45 50 60
27 37 41 49 53 55
18 23 37 42 46 52
10 19 44 47 49 54
11 20 30 36 39 44
15 24 28 31 33 54
11 19 29 31 34 41
10 23 33 51 56 58
10 13 17 25 45 58
23 37 44 46 48 58
11 13 19 28 44 49
20 22 38 50 55 57
15 17 19 33 37 58
21 23 25 31 54 57
22 28 36 40 55 60
11 19 36 50 52 60
12 16 19 31 50 60
18 22 24 37 55 57
26 32 36 45 47 49
12 40 42 44 48 53
12 29 33 41 51 56
13 16 35 40 42 53
15 20 24 31 36 57
13 26 34 40 46 48
10 20 23 46 51 55
11 14 20 35 54 59
17 20 29 39 43 47
31 38 41 44 50 53
30 32 34 37 47 59
12 15 19 24 40 46
16 38 44 50 55 59
22 28 34 50 55 59
20 22 38 48 58 60
15 23 25 35 57 59
11 13 18 32 45 54
12 40 45 47 49 56
11 31 34 39 48 52
10 14 22 26 46 57
16 34 40 43 45 49
13 17 32 39 43 54
23 34 36 38 43 45
24 29 33 38 48 55
34 50 53 56 58 60
12 15 19 30 35 38
13 24 29 50 56 59
23 25 30 45 47 55
13 27 35 52 57 60
16 31 38 43 46 49
20 44 46 49 58 60
11 16 35 46 49 53
13 18 21 29 41 46
17 26 38 41 46 49
13 23 29 42 50 54
11 27 31 37 50 59
18 20 34 36 42 49
11 29 31 36 46 57
10 18 26 29 35 49
12 14 26 35 52 54
20 34 38 40 42 51
17 24 27 35 42 47
12 25 29 39 44 55
36 38 41 47 53 58
30 34 36 38 48 58
17 20 25 37 39 60
10 32 45 51 54 57
16 19 22 38 49 59
10 17 19 37 43 50
23 30 34 36 38 58
13 22 31 46 49 54
10 28 32 39 51 53
27 38 41 45 49 52
11 14 16 30 33 59
11 15 17 39 53 60
20 32 34 37 39 51
