2 4 15 19 23 24 29 Jan
7 9 15 16 19 24 29 Jan
4 7 9 15 16 24 29 Jan
7 9 15 16 24 29 30 Jan
2 15 16 19 22 24 29 Jan
2 7 9 15 19 24 29 Jan
4 7 9 15 16 24 29 Jan
2 15 16 19 24 29 30 Jan
9 15 16 19 24 29 30 Jan
2 4 15 24 26 29 30 Jan
4 7 15 19 22 24 29 Jan
2 4 15 16 19 24 29 Jan
2 4 9 15 16 24 29 Jan
4 7 15 19 24 29 31 Jan
7 15 16 19 24 27 29 Jan
4 7 9 15 19 24 29 Jan
4 7 9 15 16 24 29 Jan
2 15 16 19 24 29 30 Jan
2 15 16 19 24 29 31 Jan
7 9 15 23 24 29 31 Jan
4 9 15 16 23 24 29 Jan
2 7 15 16 19 24 29 Jan
2 4 9 15 19 24 29 Jan
2 7 15 19 24 29 30 Jan
7 15 16 19 24 26 29 Jan
2 4 9 15 24 27 29 Jan
4 7 9 15 16 24 29 Jan
4 15 16 19 24 29 31 Jan
7 15 16 19 24 29 30 Jan
2 9 15 16 24 29 30 Jan
7 9 15 16 19 24 29 Jan
2 7 15 16 19 24 29 Jan
2 4 9 15 16 24 29 Jan
7 9 15 16 24 29 31 Jan
2 15 16 19 22 24 29 Jan
2 4 7 15 16 24 29 Jan
2 4 7 15 16 24 30 Jan
2 15 19 23 24 29 31 Jan
9 15 16 19 24 29 30 Jan
7 9 15 23 24 29 31 Jan
4 7 15 19 22 24 29 Jan
4 7 15 16 19 24 29 Jan
2 7 9 15 16 24 29 Jan
2 7 15 16 24 29 30 Jan
2 15 16 19 23 24 29 Jan
2 4 9 15 19 24 29 Jan
4 15 16 19 24 29 30 Jan
4 15 16 19 24 29 31 Jan
4 9 15 16 24 29 30 Jan
4 7 15 16 24 26 29 Jan
2 4 15 16 19 24 29 Jan
2 4 9 15 16 24 29 Jan
2 7 15 19 24 29 31 Jan
4 15 16 19 22 24 29 Jan
2 4 9 15 16 24 30 Jan
9 15 16 19 24 29 31 Jan
9 15 16 19 24 29 30 Jan
2 7 15 24 27 29 31 Jan
7 9 15 16 24 26 29 Jan
2 4 15 16 19 24 31 Jan
2 7 9 15 16 24 29 Jan
4 7 15 19 24 29 31 Jan
2 15 16 19 23 24 30 Jan
2 4 9 15 23 24 29 Jan
9 15 16 19 24 29 30 Jan
4 15 16 19 24 29 31 Jan
4 7 15 16 24 29 31 Jan
4 7 15 16 23 24 29 Jan
4 9 15 16 19 24 29 Jan
2 7 9 15 16 24 29 Jan
2 9 15 16 24 29 31 Jan
4 15 16 19 23 24 29 Jan
2 4 9 15 23 24 29 Jan
9 15 16 19 24 29 30 Jan
9 15 16 19 24 29 31 Jan
4 9 15 19 24 29 31 Jan
4 9 15 16 19 24 29 Jan
7 9 15 16 19 24 29 Jan
2 4 7 15 19 24 29 Jan
2 9 15 16 24 29 30 Jan
9 15 16 19 22 24 29 Jan
2 7 9 15 16 24 29 Jan
4 15 19 22 24 29 31 Jan
2 15 16 19 24 29 30 Jan
2 4 15 16 24 29 30 Jan
2 9 15 19 23 24 29 Jan
4 9 15 16 19 24 29 Jan
2 4 7 15 16 24 29 Jan
4 9 15 16 24 29 31 Jan
9 15 16 19 23 24 29 Jan
2 4 9 15 19 24 29 Jan
4 15 19 22 24 29 31 Jan
7 15 16 19 24 29 30 Jan
2 4 15 22 24 29 31 Jan
7 9 15 19 22 24 29 Jan
2 9 15 16 19 24 29 Jan
2 7 9 15 16 24 29 Jan
7 9 15 16 24 29 30 Jan
7 15 16 19 22 24 29 Jan
2 7 9 15 19 24 29 Jan
9 15 19 23 24 29 31 Jan
4 15 16 19 24 29 31 Jan
7 9 15 23 24 29 31 Jan
2 7 15 19 23 24 29 Jan
4 9 15 16 19 24 29 Jan
2 7 9 15 19 24 29 Jan
2 9 15 16 24 29 30 Jan
7 15 16 19 22 24 29 Jan
2 4 7 15 16 24 29 Jan
9 15 16 24 26 29 31 Jan
7 15 16 19 24 29 31 Jan
2 4 15 16 24 29 30 Jan
2 9 15 19 23 24 29 Jan
2 9 15 16 19 24 29 Jan
2 7 9 15 16 24 29 Jan
7 9 15 16 24 29 30 Jan
4 15 16 19 23 24 29 Jan
2 7 9 15 16 24 29 Jan
9 15 16 19 24 29 30 Jan
7 15 16 19 24 29 30 Jan
7 9 15 19 24 29 30 Jan
1 3 10 18 20 21 28 Jan
1 3 10 18 20 27 28 Jan
1 3 10 18 20 28 29 Jan
1 3 10 18 21 22 28 Jan
1 3 10 18 21 24 28 Jan
1 3 10 18 21 26 28 Jan
1 3 10 18 22 27 28 Jan
1 3 10 18 22 28 29 Jan
1 3 10 18 24 27 28 Jan
1 3 10 18 24 28 29 Jan
1 3 10 18 26 27 28 Jan
1 3 10 18 26 28 29 Jan
1 3 10 12 18 21 28 Jan
1 3 10 12 18 27 28 Jan
1 3 10 12 18 28 29 Jan
1 3 10 14 18 21 28 Jan
1 3 10 14 18 27 28 Jan
1 3 10 14 18 28 29 Jan
1 3 10 15 18 20 28 Jan
1 3 10 15 18 22 28 Jan
1 3 10 15 18 24 28 Jan
1 3 10 15 18 26 28 Jan
1 3 10 18 19 20 28 Jan
1 3 10 18 19 22 28 Jan
1 3 10 18 19 24 28 Jan
1 3 10 18 19 26 28 Jan
1 3 12 18 20 21 28 Jan
1 3 12 18 20 27 28 Jan
1 3 12 18 20 28 29 Jan
1 3 12 18 21 22 28 Jan
1 3 12 18 21 24 28 Jan
1 3 12 18 21 26 28 Jan
1 3 12 18 22 27 28 Jan
1 3 12 18 22 28 29 Jan
1 3 12 18 24 27 28 Jan
1 3 12 18 24 28 29 Jan
1 3 12 18 26 27 28 Jan
1 3 12 18 26 28 29 Jan
1 3 12 14 18 21 28 Jan
1 3 12 14 18 27 28 Jan
1 3 12 14 18 28 29 Jan
1 3 12 15 18 22 28 Jan
1 3 12 15 18 24 28 Jan
1 3 12 15 18 26 28 Jan
1 3 12 18 19 20 28 Jan
1 3 12 18 19 22 28 Jan
1 3 12 18 19 24 28 Jan
1 3 12 18 19 26 28 Jan
1 3 14 18 20 21 28 Jan
1 3 14 18 20 27 28 Jan
1 3 14 18 20 28 29 Jan
1 3 14 18 21 22 28 Jan
1 3 14 18 21 24 28 Jan
1 3 14 18 21 26 28 Jan
1 3 14 18 22 27 28 Jan
1 3 14 18 22 28 29 Jan
1 3 14 18 24 27 28 Jan
1 3 14 18 24 28 29 Jan
1 3 14 18 26 27 28 Jan
1 3 14 18 26 28 29 Jan
1 3 14 15 18 20 28 Jan
1 3 14 15 18 22 28 Jan
1 3 14 15 18 24 28 Jan
1 3 14 15 18 26 28 Jan
1 3 14 18 19 20 28 Jan
1 3 14 18 19 22 28 Jan
1 3 14 18 19 24 28 Jan
1 3 14 18 19 26 28 Jan
1 3 15 18 20 22 28 Jan
1 3 15 18 20 24 28 Jan
1 3 15 18 20 26 28 Jan
1 3 15 18 22 24 28 Jan
1 3 15 18 22 26 28 Jan
1 3 15 18 24 26 28 Jan
1 3 18 20 21 22 28 Jan
1 3 18 20 21 24 28 Jan
1 3 18 20 21 26 28 Jan
1 3 18 20 22 27 28 Jan
1 3 18 20 22 28 29 Jan
1 3 18 20 24 27 28 Jan
1 3 18 20 24 28 29 Jan
1 3 18 20 26 27 28 Jan
1 3 18 20 26 28 29 Jan
1 3 18 21 22 24 28 Jan
1 3 18 21 22 26 28 Jan
1 3 18 21 24 26 28 Jan
1 3 18 22 24 27 28 Jan
1 3 18 22 24 28 29 Jan
1 3 18 22 26 27 28 Jan
1 3 18 22 26 28 29 Jan
1 3 18 24 26 27 28 Jan
1 3 18 24 26 28 29 Jan
1 3 18 19 20 22 28 Jan
1 3 18 19 20 24 28 Jan
1 3 18 19 20 26 28 Jan
1 3 18 19 22 24 28 Jan
1 3 18 19 22 26 28 Jan
1 3 18 19 24 26 28 Jan
1 3 4 10 18 21 28 Jan
1 3 4 10 18 27 28 Jan
1 3 4 10 18 28 29 Jan
1 3 4 10 15 18 28 Jan
1 3 4 10 18 19 28 Jan
8 9 14 18 20 21 23 Jan
8 9 18 19 21 22 23 Jan
8 9 15 18 20 21 23 Jan
8 9 12 19 20 21 22 Jan
8 9 14 15 20 22 23 Jan
8 9 12 19 20 21 23 Jan
8 9 14 18 20 21 22 Jan
8 9 14 15 20 21 22 Jan
8 9 14 19 20 21 23 Jan
8 9 15 18 20 21 22 Jan
8 9 14 19 20 21 22 Jan
8 9 18 19 20 21 22 Jan
1 4 9 16 18 22 30 Jan
5 9 13 16 22 26 31 Jan
4 7 9 13 18 24 30 Jan
1 9 16 18 24 29 31 Jan
1 4 9 13 16 24 30 Jan
1 4 13 16 22 24 30 Jan
1 7 9 16 18 22 30 Jan
4 7 13 18 22 24 31 Jan
4 5 9 13 16 22 30 Jan
4 5 13 16 26 29 30 Jan
1 2 3 4 11 12 18 Jan
1 2 3 4 11 12 23 Jan
1 2 3 4 11 12 24 Jan
1 2 3 4 11 12 25 Jan
1 2 3 4 11 12 26 Jan
1 2 3 4 11 12 27 Jan
1 2 3 4 11 12 28 Jan
1 2 3 4 11 12 29 Jan
1 2 3 4 11 13 15 Jan
1 2 3 4 11 13 16 Jan
1 2 3 4 11 13 17 Jan
1 2 3 4 11 13 18 Jan
1 2 3 4 11 13 25 Jan
1 2 3 4 11 13 26 Jan
1 2 3 4 11 13 27 Jan
1 2 3 4 11 13 28 Jan
1 2 3 4 11 13 29 Jan
1 2 3 4 11 14 17 Jan
1 2 3 4 11 14 18 Jan
1 2 3 4 11 14 19 Jan
1 2 3 4 11 14 20 Jan
1 2 3 4 11 14 21 Jan
1 2 3 4 11 14 22 Jan
1 2 3 4 11 14 23 Jan
1 2 3 4 11 14 24 Jan
1 2 3 4 11 14 25 Jan
1 2 3 4 11 14 26 Jan
1 2 3 4 11 14 27 Jan
1 2 3 4 11 17 18 Jan
1 2 3 4 11 17 19 Jan
1 2 3 4 11 17 20 Jan
1 2 3 4 11 17 21 Jan
1 2 3 4 11 17 22 Jan
1 2 3 4 11 17 23 Jan
1 2 3 4 11 17 24 Jan
1 2 3 4 11 17 25 Jan
1 2 3 4 11 17 26 Jan
1 2 3 4 11 17 27 Jan
1 2 3 4 11 17 28 Jan
1 2 3 4 11 17 29 Jan
1 2 3 4 11 17 30 Jan
1 2 3 4 11 17 31 Jan
1 2 3 4 11 18 19 Jan
1 2 3 4 11 18 20 Jan
1 2 3 4 11 18 21 Jan
1 2 3 4 11 18 22 Jan
1 2 3 4 11 18 23 Jan
1 2 3 4 11 18 24 Jan
8 10 11 16 19 21 27 Jan
3 5 6 8 10 11 21 Jan
2 7 11 14 15 21 30 Jan
1 10 11 16 18 23 27 Jan
1 5 18 21 22 29 30 Jan
10 11 16 19 23 24 31 Jan
4 20 21 23 26 29 31 Jan
4 5 11 12 16 19 31 Jan
1 3 4 10 25 26 31 Jan
2 4 5 10 17 21 31 Jan
6 7 12 15 20 21 31 Jan
6 8 15 21 23 24 31 Jan
1 4 7 8 16 21 23 Jan
3 4 16 19 21 28 31 Jan
1 4 5 7 24 30 31 Jan
7 21 24 26 27 30 31 Jan
3 5 8 10 15 19 21 Jan
3 5 8 10 15 22 27 Jan
3 8 15 19 21 22 29 Jan
3 10 15 19 27 28 29 Jan
5 8 10 21 22 27 28 Jan
5 8 15 19 21 27 29 Jan
5 10 15 21 22 27 29 Jan
5 8 19 21 22 28 29 Jan
3 10 21 22 27 28 29 Jan
8 10 19 21 27 28 29 Jan
3 5 8 21 22 28 29 Jan
8 9 14 19 20 21 22 Jan
8 9 15 18 21 22 23 Jan
8 9 12 18 20 21 23 Jan
1 4 9 16 22 24 30 Jan
1 7 13 18 22 24 31 Jan
3 5 8 15 19 21 27 Jan
5 10 15 21 27 28 29 Jan
3 8 10 21 22 28 29 Jan
2 11 14 18 20 27 31 Jan
2 11 15 19 22 28 30 Jan
2 11 18 21 24 26 31 Jan
2 11 14 20 22 29 30 Jan
2 11 16 18 21 27 31 Jan
2 13 14 19 21 26 30 Jan
2 13 15 18 22 27 31 Jan
2 13 16 20 24 28 30 Jan
2 13 17 21 22 29 31 Jan
2 13 18 20 26 27 30 Jan
2 14 16 19 21 27 31 Jan
2 15 16 18 22 28 30 Jan
2 16 17 20 24 29 31 Jan
2 16 18 21 26 27 30 Jan
2 16 19 22 24 28 31 Jan
2 14 17 18 20 27 31 Jan
2 15 17 19 22 28 30 Jan
2 16 17 21 24 26 31 Jan
2 17 18 20 22 29 30 Jan
2 17 19 21 26 28 31 Jan
2 14 18 20 23 27 31 Jan
2 15 19 22 23 28 30 Jan
2 16 21 23 24 26 31 Jan
2 17 20 22 23 29 30 Jan
2 18 21 23 26 28 31 Jan
2 14 18 20 25 27 31 Jan
2 15 19 22 25 28 30 Jan
2 16 21 24 25 26 31 Jan
2 17 20 22 25 29 30 Jan
2 18 21 25 26 28 31 Jan
11 13 14 18 20 27 31 Jan
11 13 15 19 22 28 30 Jan
11 13 16 21 24 26 31 Jan
11 13 17 20 22 29 30 Jan
11 13 18 21 26 28 31 Jan
11 14 16 18 20 27 31 Jan
11 15 16 19 22 28 30 Jan
11 16 17 21 24 26 31 Jan
11 16 18 20 22 29 30 Jan
11 16 19 21 26 28 31 Jan
11 14 17 18 20 27 31 Jan
11 15 17 19 22 28 30 Jan
11 16 17 21 24 26 31 Jan
11 17 18 20 22 29 30 Jan
11 17 19 21 26 28 31 Jan
11 14 18 20 23 27 31 Jan
11 15 19 22 23 28 30 Jan
11 16 21 23 24 26 31 Jan
11 17 20 22 23 29 30 Jan
11 18 21 23 26 28 31 Jan
11 14 18 20 25 27 31 Jan
11 15 19 22 25 28 30 Jan
11 16 21 24 25 26 31 Jan
11 17 20 22 25 29 30 Jan
11 18 21 25 26 28 31 Jan
13 14 16 18 20 27 31 Jan
13 15 16 19 22 28 30 Jan
13 16 17 21 24 26 31 Jan
13 16 18 20 22 29 30 Jan
13 16 19 21 26 28 31 Jan
13 14 17 18 20 27 31 Jan
13 15 17 19 22 28 30 Jan
13 16 17 21 24 26 31 Jan
13 17 18 20 22 29 30 Jan
13 17 19 21 26 28 31 Jan
13 14 18 20 23 27 31 Jan
13 15 19 22 23 28 30 Jan
13 16 21 23 24 26 31 Jan
13 17 20 22 23 29 30 Jan
13 18 21 23 26 28 31 Jan
13 14 18 20 25 27 31 Jan
13 15 19 22 25 28 30 Jan
13 16 21 24 25 26 31 Jan
13 17 20 22 25 29 30 Jan
13 18 21 25 26 28 31 Jan
14 16 17 18 20 27 31 Jan
15 16 17 19 22 28 30 Jan
16 17 18 21 24 26 31 Jan
16 17 19 20 22 29 30 Jan
16 17 21 26 28 30 31 Jan
14 16 18 20 23 27 31 Jan
15 16 19 22 23 28 30 Jan
16 17 21 23 24 26 31 Jan
16 18 20 22 23 29 30 Jan
16 19 21 23 26 28 31 Jan
14 16 18 20 25 27 31 Jan
15 16 19 22 25 28 30 Jan
16 17 21 24 25 26 31 Jan
16 18 20 22 25 29 30 Jan
16 19 21 25 26 28 31 Jan
14 17 18 20 23 27 31 Jan
15 17 19 22 23 28 30 Jan
16 17 21 23 24 26 31 Jan
17 18 20 22 23 29 30 Jan
17 19 21 23 26 28 31 Jan
14 17 18 20 25 27 31 Jan
15 17 19 22 25 28 30 Jan
16 17 21 24 25 26 31 Jan
17 18 20 22 25 29 30 Jan
17 19 21 25 26 28 31 Jan
14 18 20 23 25 27 31 Jan
15 19 22 23 25 28 30 Jan
16 21 23 24 25 26 31 Jan
17 20 22 23 25 29 30 Jan
18 21 23 25 26 28 31 Jan