01 02 04 12 14 23 24 Jan
02 04 05 12 14 23 24 Fev
02 03 04 12 14 23 24 Mar
02 04 06 12 14 23 24 Abr
02 04 07 12 14 23 24 Mai
02 04 08 12 14 23 24 Jun
02 04 09 12 14 23 24 Jul
02 04 10 12 14 23 24 Ago
02 04 05 11 12 23 24 Set
02 04 05 12 13 23 24 Out
01 02 03 12 14 23 24 Nov
02 04 05 12 15 23 24 Dez
01 03 05 12 16 23 24 Jan
02 04 06 12 17 23 24 Fev
03 05 07 12 18 23 24 Mar
01 04 06 08 12 19 23 Abr
02 05 07 09 12 20 23 Mai
01 03 06 08 10 12 21 Jun
02 04 07 09 11 12 22 Jul
03 05 08 10 12 14 23 Ago
01 04 06 09 11 13 24 Set
02 05 07 10 12 14 25 Out
04 07 09 12 14 16 27 Nov
05 08 10 13 15 17 28 Dez
06 09 11 14 16 18 29 Jan
07 10 12 15 17 19 30 Fev
08 11 13 16 18 20 31 Mar
02 09 12 14 17 19 21 Abr
02 10 13 15 18 20 22 Mai
02 11 14 16 19 21 23 Jun
02 12 15 17 20 22 24 Jul
02 13 16 18 21 23 25 Ago
02 14 17 19 22 24 26 Set
02 15 18 20 23 25 27 Out
02 16 19 21 24 26 28 Nov
02 17 20 22 25 27 29 Dez
02 18 21 23 26 28 30 Jan
02 19 22 24 27 29 31 Fev
02 04 20 23 25 28 30 Mar
02 12 21 24 26 29 31 Abr
02 04 12 22 25 27 30 Mai
02 04 12 23 26 28 31 Jun
02 04 12 14 24 27 29 Jul
02 04 12 14 25 28 30 Ago
02 04 12 14 26 29 31 Set
02 04 05 12 14 27 30 Out
02 04 05 12 14 28 31 Nov
02 04 05 12 14 23 29 Dez
02 04 05 12 14 23 30 Jan
02 04 05 12 14 23 31 Fev
