http://localhost:5153/geradores-elite/gerador-concentracao/

Equilibrado
02 06 08 11 19 23 29
01 06 10 16 19 23 29
02 09 10 11 16 26 29
06 09 10 12 20 23 26
01 02 09 12 16 29 30
02 06 10 12 16 23 29
01 08 09 16 20 26 29
02 06 08 11 15 26 30
06 08 10 19 20 29 30
02 08 09 15 16 26 30


Frequencia
01 06 08 12 19 20 29
02 08 09 11 15 19 29
01 02 10 11 16 19 29
02 06 10 11 16 19 26
01 08 09 11 16 19 26
06 08 10 12 16 19 30
06 09 10 15 16 20 23
01 06 09 11 12 20 23
02 06 08 11 12 20 29
02 08 10 12 15 16 23

Atraso
01 08 11 16 19 26 29
02 10 11 12 16 29 30
01 08 11 15 16 23 26
02 06 15 19 20 26 29
06 08 11 12 19 23 30
01 06 11 12 20 23 26
01 09 11 16 19 23 29
06 09 12 19 20 23 30
01 09 12 15 16 23 30
06 08 11 12 16 26 29

---------------------------------------------------------------
Concurso: 1244 
Nome da Lotérica: 
BIG SORTE LOTERIA - 11.002750-7 
Cidade/UF: JUIZ DE FORA - MG 
Valor da Cota: R$ 60,00 
Tarifa de Serviço: R$ 21,00

01 05 09 10 12 15 16 23 29 30 Mar
02 03 07 11 13 22 24 26 27 31 Nov
04 06 09 14 17 18 20 21 25 28 Ago
02 03 05 09 16 18 21 26 27 29 Set
04 07 08 14 15 19 27 28 29 30 Fev
04 12 13 14 16 17 22 23 24 26 Mai
01 02 06 07 08 12 15 24 26 29 Jun
02 06 07 08 21 24 27 28 30 31 Jan
03 04 05 07 08 11 15 18 27 31 Dez
02 03 04 05 09 11 17 18 23 25 Jul

---------------------------------------------------------------