6 19 18 5 16 30 29 Jan
7 20 19 6 17 31 30 Fev
8 21 20 7 18 1 31 Mar
9 22 21 8 19 2 1 Abr
10 23 22 9 20 3 2 Mai
11 24 23 10 21 4 3 Jun
12 25 24 11 22 5 4 Jul
13 26 25 12 23 6 5 Ago
14 27 26 13 24 7 6 Set
15 28 27 14 25 8 7 Out
16 29 28 15 26 9 8 Nov
17 30 29 16 27 10 9 Dez
18 31 30 17 28 11 10 Jan
19 1 31 18 29 12 11 Fev
20 2 1 19 30 13 12 Mar
21 3 2 20 31 14 13 Abr
22 4 3 21 1 15 14 Mai
23 5 4 22 2 16 15 Jun
24 6 5 23 3 17 16 Jul
25 7 6 24 4 18 17 Ago
26 8 7 25 5 19 18 Set
27 9 8 26 6 20 19 Out
28 10 9 27 7 21 20 Nov
29 11 10 28 8 22 21 Dez
30 12 11 29 9 23 22 Jan
31 13 12 30 10 24 23 Fev
1 14 13 31 11 25 24 Mar
2 15 14 1 12 26 25 Abr
3 16 15 2 13 27 26 Mai
4 17 16 3 14 28 27 Jun