MANUAL NA RAÇA

11 15 19 20 23 25 29 Jan
13 17 21 22 25 27 31 Abr
03 10 11 22 25 27 31 Jul
05 13 18 21 22 25 30 Nov
05 13 14 16 18 20 29 Jan
12 13 14 17 18 27 31 Abr
15 16 20 22 26 28 29 Jul
17 18 22 24 28 30 31 Nov
14 15 19 21 25 27 28 Jan
05 06 08 09 20 22 24 Abr
04 06 07 08 09 11 23 Jul


PADRÃO
http://localhost:5151/gerador-padroes

02 09 12 13 19 20 30 Fev
02 13 16 20 23 25 26 Set
03 10 11 13 19 21 30 Mai
08 13 19 20 23 28 30 Dez
08 12 13 16 23 26 28 Set
10 12 13 19 20 23 30 Out
04 11 12 19 20 28 30 Fev
09 12 18 19 23 27 30 Mai
05 12 15 18 23 26 28 Set
03 20 23 25 26 30 31 Fev


COMPORTAMENTO
http://localhost:5153/geradores-elite/comportamento-apostas/

08 10 11 12 20 22 25 Jan
18 20 21 24 26 28 30 Abr
01 08 09 19 21 22 23 Jul
08 10 13 16 25 27 31 Nov
01 03 05 12 20 25 27 Jan
06 18 25 26 29 30 31 Abr
09 10 12 24 28 29 31 Jul
06 09 20 27 28 30 31 Nov
07 12 20 21 22 23 24 Jan
08 11 14 20 22 24 31 Abr