1 2 3 18 19 21 23 29 Jan
2 8 12 13 16 23 29 Jan
2 8 9 13 15 21 22 Jan
9 12 15 19 21 23 27 Jan
3 8 9 15 22 23 27 Jan
8 12 16 18 19 22 23 Jan
3 8 9 12 15 19 29 Jan
2 9 15 22 23 28 29 Jan
9 12 16 22 23 27 28 Jan
2 3 8 9 12 22 28 Jan
2 3 8 13 15 16 19 23 Jan
2 3 8 9 13 19 21 Jan
13 15 18 19 21 23 27 Jan
9 12 13 15 16 18 28 Jan
2 16 21 23 27 28 29 Jan
12 13 15 18 19 23 28 Jan
2 9 12 13 16 18 19 Jan
2 3 8 9 21 23 29 Jan
13 15 16 21 27 28 29 Jan
2 3 8 9 13 15 19 Jan
2 2 9 12 13 16 19 27 Jan
2 3 8 9 13 18 28 Jan
12 13 15 19 27 28 29 Jan
13 15 16 18 19 21 27 Jan
2 12 21 22 27 28 29 Jan
9 12 15 16 18 19 21 Jan
12 16 18 21 27 28 29 Jan
2 3 8 9 21 28 29 Jan
2 8 13 15 16 18 19 Jan
2 3 8 9 13 16 19 Jan
4 3 8 21 22 23 28 29 Jan
13 18 21 22 27 28 29 Jan
3 12 13 15 16 18 19 Jan
3 8 9 22 23 28 29 Jan
3 8 9 13 16 18 19 Jan
9 21 22 23 27 28 29 Jan
12 13 15 16 18 19 28 Jan
12 21 22 23 27 28 29 Jan
3 9 12 13 16 22 29 Jan
8 9 12 13 16 28 29 Jan