# Construção 1
02 03 18 19 21 23 29 Jan
02 08 12 13 16 23 29 Jan
02 08 09 13 15 21 22 Jan
09 12 15 19 21 23 27 Jan
03 08 09 15 22 23 27 Jan
08 12 16 18 19 22 23 Jan
03 08 09 12 15 19 29 Jan
02 09 15 22 23 28 29 Jan
09 12 16 22 23 27 28 Jan
02 03 08 09 12 22 28 Jan

# Construção 2
03 08 13 15 16 19 23 Jan
02 03 08 09 13 19 21 Jan
13 15 18 19 21 23 27 Jan
09 12 13 15 16 18 28 Jan
02 16 21 23 27 28 29 Jan
12 13 15 18 19 23 28 Jan
02 09 12 13 16 18 19 Jan
02 03 08 09 21 23 29 Jan
13 15 16 21 27 28 29 Jan
02 03 08 09 13 15 19 Jan

# Construção 2
02 09 12 13 16 19 27 Jan
02 03 08 09 13 18 28 Jan
12 13 15 19 27 28 29 Jan
13 15 16 18 19 21 27 Jan
02 12 21 22 27 28 29 Jan
09 12 15 16 18 19 21 Jan
12 16 18 21 27 28 29 Jan
02 03 08 09 21 28 29 Jan
02 08 13 15 16 18 19 Jan
02 03 08 09 13 16 19 Jan

# Construção 4
03 08 21 22 23 28 29 Jan
13 18 21 22 27 28 29 Jan
03 12 13 15 16 18 19 Jan
03 08 09 22 23 28 29 Jan
03 08 09 13 16 18 19 Jan
09 21 22 23 27 28 29 Jan
12 13 15 16 18 19 28 Jan
12 21 22 23 27 28 29 Jan
03 09 12 13 16 22 29 Jan
08 09 12 13 16 28 29 Jan
