29 21 30 20 24 11 26 Jan
24 21 29 22 30 14 10 Jun
13 24 09 21 26 30 18 Set
11 29 12 20 24 21 22 Mar
10 13 28 21 30 24 27 Jul
09 13 21 24 27 29 30 Mai
10 12 18 22 24 26 28 Abr
11 14 20 21 24 29 30 Fev
09 10 13 22 26 27 28 Ago
11 12 14 18 20 21 29 Nov
09 13 14 21 22 29 30 Out
09 13 15 16 18 19 31 Dez
04 05 07 09 20 26 28 Dez
02 04 05 07 16 18 27 Out
04 05 09 12 28 30 31 Nov
04 07 08 22 23 28 30 Ago
02 03 09 17 20 24 28 Fev
03 08 09 25 28 30 31 Abr
02 03 08 09 18 28 31 Mai
17 18 20 22 25 28 29 Nov
