01 02 05 06 09 10 14 15 16 17 19 20 25 30
03 04 05 07 09 12 15 18 20 21 23 26 28 30
-----------------------
08 11 13 22 24 27 29 31
-----------------------

08 11 12 22 23 27 29 Nov
11 12 14 19 22 26 31 Nov
11 12 15 18 27 28 30 Nov
11 19 22 25 27 28 31 Nov
12 15 19 20 21 22 29 Nov
02 05 08 09 11 12 27 Nov
02 03 07 16 18 19 23 Nov
08 11 14 16 19 22 31 Nov
07 08 09 10 19 29 30 Nov
02 08 11 12 22 28 30 Nov


fechamento_garantido_11x7_1770157234696.txt
02 06 08 11 16 17 18 Nov
02 06 08 11 16 22 24 Nov
02 06 08 11 17 30 31 Nov
02 06 08 16 18 24 30 Nov
02 06 11 17 18 22 31 Nov
02 06 16 17 22 24 30 Nov
02 08 11 16 18 30 31 Nov
02 08 11 17 22 24 30 Nov
02 08 16 17 18 22 31 Nov
02 11 16 17 24 30 31 Nov
06 08 11 16 17 22 31 Nov
06 08 11 18 22 24 30 Nov
06 08 16 17 18 24 31 Nov
06 11 16 18 22 24 31 Nov
06 11 17 18 24 30 31 Nov
08 11 16 18 22 24 31 Nov
08 16 17 22 24 30 31 Nov
02 06 17 18 24 30 31 Nov
06 08 17 18 22 30 31 Nov
02 11 18 22 24 30 31 Nov
08 11 17 18 24 30 31 Nov
02 06 08 18 22 30 31 Nov




02 03 08 15 21 22 27
02 03 12 19 21 22 29
02 03 12 16 19 22 27
02 03 08 12 19 22 27
03 08 12 19 21 23 31
02 03 08 16 19 20 21
03 15 16 20 21 29 31
08 19 20 22 27 29 31
03 08 15 22 23 29 31 


0 0 0 0 1 1 2
0 0 0 1 1 1 2
0 1 1 1 1 2 3
0 0 0 1 1 2 3
0 0 1 1 2 2 3
0 1 1 1 2 2 3
1 1 1 1 1 3 3
0 0 0 1 2 2 2
0 0 0 0 1 1 1
0 0 0 1 1 1 2
0 0 2 2 2 2 2
0 1 1 1 1 2 2
0 0 0 1 1 2 3
0 1 1 2 2 3 3
0 0 0 1 1 2 3
0 0 0 1 1 2 2
0 1 1 2 2 2 3
0 0 0 0 1 2 2
